Sample_Name	date	year	season_nr	seasons	month	day	DOY	running_day	template	depth	declination	daylength	nitrate	phosphate	silicate	N_P	watermass	temp_25	sal_25	F_25	chla_GFF	chla_10	chl_small	bacteria	virus
Isa_111214	14-Dec-11	2011	1	winter	12	14	348	348	1	25	-23.06	0	2.81	0.15	1.51	18.8	5	0.8665	34.315	0	0.024	0.003	0.02	NA	NA
Isa_120117	17-Jan-12	2012	1	winter	1	17	17	382	1	25	-20.68	0	NA	NA	NA	NA	5	-1.3075	34.1816	0.03663	0.04	0.010341667	0.029	NA	NA
Isa_120128	28-Jan-12	2012	1	winter	1	28	28	393	1	25	-18.22	0	7.22	0.3	4.48	23.9	5	-0.8325	34.2375	0	0.036408333	0.015866667	0.021	NA	NA
Isa_120209	09-Feb-12	2012	1	winter	2	9	40	405	1	25	-14.76	0	7.32	0.36	4.58	20.5	5	-0.78075	34.17	0	0.030175	0.008358333	0.022	NA	NA
Isa_120216	16-Feb-12	2012	1	winter	2	16	47	412	1	25	-12.43	0	5.52	0.25	2.65	22.2	5	-0.609	34.304	0	0.030175	0.0068	0.023	6323007	88637636
Isa_120223	23-Feb-12	2012	1	winter	2	23	54	419	1	25	-9.92	5	6.85	0.42	3.94	16.4	5	-0.3365	34.34	0	0.015016667	0.00595	0.009	25569416	160216949
Isa_120301	01-Mar-12	2012	2	spring	3	1	61	426	1	25	-7.66	7	6.38	0.5	3.2	12.7	3	1.3284	34.62	0	0.020966667	0.010341667	0.011	35347574	236494102
Isa_120308	08-Mar-12	2012	2	spring	3	8	68	433	1	25	-4.52	9	3.98	0.33	1.95	12.2	NA	1.1212	34.6175	0	0.015016667	0.0085	0.007	460490	14842982
Isa_120320	20-Mar-12	2012	2	spring	3	20	80	445	1	25	0.32	12	9.39	0.66	5.5	14.3	5	0.914	34.615	0	0.013175	0.010058333	0.003	3067808	122004027
Isa_120321	21-Mar-12	2012	2	spring	3	21	81	446	1	25	0.72	12	4.82	0.47	2.3	10.3	2	1.36625	34.71	0	0.016716667	0.008925	0.008	361644	3937919
Isa_120322	22-Mar-12	2012	2	spring	3	22	82	447	1	25	1.12	13	4.26	0.39	1.9	10.8	2	1.98275	34.7725	0	0.020541667	0.009491667	0.011	293220	5671576
Isa_120323	23-Mar-12	2012	2	spring	3	23	83	448	1	25	1.52	13	8.23	0.54	4.97	15.2	3	1.2695	34.685	0	0.018770834	0.010695834	0.008075	624099	18447977
Isa_120329	29-Mar-12	2012	2	spring	3	29	89	454	1	25	3.92	14	7.59	0.86	3.52	8.9	2	1.909666667	34.79	0	0.017	0.0119	0.005	334140	3851871
Isa_120403	03-Apr-12	2012	2	spring	4	3	94	459	1	25	5.88	16	4.87	0.54	2.35	9	2	1.252	34.735	0	0.047741667	0.024791667	0.023	328804	4615040
Isa_120411	11-Apr-12	2012	2	spring	4	11	102	467	1	25	8.91	18	9.02	0.7	4.1	12.9	2	1.484666667	34.83666667	0.015	0.119283333	0.060916667	0.058	43950699	137057832
Isa_120416	16-Apr-12	2012	2	spring	4	16	107	472	1	25	10.72	20	5.06	0.59	2.2	8.6	2	1.4995	34.845	0.04	0.22695	0.106108333	0.121	13880010	97026943
Isa_120419	19-Apr-12	2012	3	summer	4	19	110	475	1	25	11.76	22	7.66	0.64	3.3	11.9	NA	1.16925	34.81	0.28	1.4195	NA	NA	633668	5177999
Isa_120423	23-Apr-12	2012	3	summer	4	23	114	479	1	25	13.1	24	3.24	0.42	0.82	7.7	5	0.839	34.775	0.52	2.585416667	1.86575	0.72	10714463	153115961
Isa_120426	26-Apr-12	2012	3	summer	4	26	117	482	1	25	14.06	24	4.49	0.38	1.65	11.8	5	-0.2305	34.5625	0.715	1.4195	1.260833333	0.159	10027454	83069530
Isa_120430	30-Apr-12	2012	3	summer	4	30	121	486	1	25	15.29	24	3.41	0.35	1.27	9.6	5	-0.226666667	34.51666667	0.72	1.697166667	1.188583333	0.509	2298629	9911242
Isa_120503	03-May-12	2012	3	summer	5	3	124	489	1	25	16.16	24	1.55	0.26	0.64	5.9	5	-0.2345	34.54	0.5475	2.219916667	1.735416667	0.484	2678603	13635701
Isa_120507	07-May-12	2012	3	summer	5	7	128	493	1	25	17.26	24	1.86	0.18	1.21	10.4	5	0.021	34.5375	0.2575	1.717	1.114916667	0.602	1764379	47981392
Isa_120508	08-May-12	2012	3	summer	5	8	129	494	1	25	17.52	24	1.65	0.2	1.28	8.2	5	0.445875	34.58625	1.1	5.054666667	2.402666667	2.652	17984464	171485701
Isa_120509	09-May-12	2012	3	summer	5	9	130	495	1	25	17.77	24	0.83	0.21	1.03	4	5	0.2825	34.57166667	1.21	7.26325	4.658	2.605	2393951	9129285
Isa_120510	10-May-12	2012	3	summer	5	10	131	496	1	25	18.03	24	1.54	0.24	0.28	6.5	5	0.3088	34.57	1.04	3.793833333	3.163416667	0.63	2206537	9700788
Isa_120516	16-May-12	2012	3	summer	5	16	137	502	1	25	19.42	24	1.34	0.15	1.33	8.9	5	0.6255	34.6075	0.875	2.287916667	1.8615	0.426	3903607	13827876
Isa_120524	24-May-12	2012	3	summer	5	24	145	510	1	25	20.96	24	0.23	0.24	1.27	1	5	0.161	34.47333333	1.7	1.101222222	0.630888889	0.47	4604404	21391153
Isa_120621	21-Jun-12	2012	4	autumn	6	21	173	538	1	25	23.28	24	0	0.07	0.37	0	3	3.295	34.35	0.086666667	0.362666667	0.032158333	0.331	4613273	26213561
Isa_120706	06-Jul-12	2012	4	autumn	7	6	188	553	1	25	22.46	24	0.21	0.08	0.43	2.6	3	2.12825	34.24	0.07	0.449083333	0.038816667	0.41	890168	14265496
Isa_120806	06-Aug-12	2012	4	autumn	8	6	219	584	1	25	16.5	24	0.25	0.12	1.42	2	3	2.942333333	34.12333333	0.086666667	1.0404	0.02448	1.016	1182793	11967962
Isa_120823	23-Aug-12	2012	4	autumn	8	23	236	601	1	25	11.21	21	0.93	0.26	1.84	3.6	3	2.033	34.3475	0.005	0.074091667	0.0119	0.062	608267	11106728
Isa_120906	06-Sep-12	2012	4	autumn	9	6	250	615	1	25	6.11	16	0.64	0.16	0.53	3.9	4	3.8141	33.8834	0.31594	0.436333333	0.1260125	0.31	1618196	20044146
Isa_120918	18-Sep-12	2012	4	autumn	9	18	262	627	1	25	1.43	13	2.6	0.3	2.45	8.8	3	3.802733333	34.35933333	0.055333333	0.205813333	0.042341333	0.163	819806	11822971
Isa_121031	31-Oct-12	2012	1	winter	10	31	305	670	1	25	-14.66	0	2.03	0.14	1.24	14.3	4	1.382333333	33.68	0.05	0.1156	0.018841667	0.097	725009	10963328
Isa_121115	15-Nov-12	2012	1	winter	11	15	320	685	1	25	-18.86	0	2.76	0.23	1.05	11.8	3	1.293571429	34.15	0.001428571	0.058	0.07	0.001	457298	3253859
Isa_121129	29-Nov-12	2012	1	winter	11	29	334	699	1	25	-21.61	0	5.42	0.45	3.03	12.1	3	1.836333333	34.39	0	0.047	0.009	0.038	404097	2950164
Isa_121206	06-Dec-12	2012	1	winter	12	6	341	706	1	25	-22.51	0	6.48	0.61	3.6	10.6	3	1.822666667	34.515	0	0.035	0.008	0.027	362084	2169711
Isa_121213	13-Dec-12	2012	1	winter	12	13	348	713	1	25	-23.06	0	4.12	0.43	1.61	9.7	3	1.484285714	34.51	0	0.029	0.006	0.023	263943	2082936
Isa_130110	10-Jan-13	2013	1	winter	1	10	10	741	1	25	-21.84	0	5.41	0.57	2.3	9.5	3	1.5492	34.6658	0.03663	0.02	0.007	0.013	337682	2220884
Isa_130123	23-Jan-13	2013	1	winter	1	23	23	754	1	25	-19.43	0	6.18	0.5	2.84	12.3	2	1.35575	34.745	0	0.019	0.006	0.013	650758	6251151
Isa_130130	30-Jan-13	2013	1	winter	1	30	30	761	1	25	-17.69	0	5.72	0.51	2.72	11.3	2	1.078857143	34.78	0	0.024	0.01	0.014	271962	767481
Isa_130219	19-Feb-13	2013	1	winter	2	19	50	781	1	25	-11.38	2	6.65	0.54	2.97	12.3	5	0.909666667	34.84	0.02	0.026	0.011	0.015	263972	1571754
Isa_130301	01-Mar-13	2013	2	spring	3	1	60	791	1	25	-7.66	7	5.44	0.45	1.62	12	5	-0.433	34.73857143	0	0.031	0.017	0.014	218845	677129
Isa_130307	07-Mar-13	2013	2	spring	3	7	66	797	1	25	-5.31	9	6.19	0.4	2.62	15.5	6	-0.54575	34.73	0	0.033	0.014	0.019	213756	1727035
Isa_130315	15-Mar-13	2013	2	spring	3	15	74	805	1	25	-2.11	11	6.15	0.53	2.55	11.6	5	-0.307	34.79333333	0	0.0375	0.022	0.0155	230641	1845759
Isa_130320	20-Mar-13	2013	2	spring	3	20	79	810	1	25	-0.09	12	5.8	0.49	3.48	11.8	5	-0.331875	34.78375	0	0.042	0.03	0.012	277431	1884404
Isa_130405	05-Apr-13	2013	2	spring	4	5	95	826	1	25	6.27	16	4.74	0.42	2.15	11.2	5	-0.304333333	34.83333333	0.006666667	0.227	0.131	0.096	249335	1260528
Isa_130411	11-Apr-13	2013	2	spring	4	11	101	832	1	25	8.54	18	8.09	0.6	4.49	13.4	6	-0.647	34.82	0.265	0.378	0.127	0.251	280390	1640252
Isa_130419	19-Apr-13	2013	3	summer	4	19	109	840	1	25	11.42	22	8.77	0.88	4.58	10	6	-0.53	34.8	0.25	1.15	0.768	0.382	622879	1619708
Isa_130424	24-Apr-13	2013	3	summer	4	24	114	845	1	25	13.1	24	0.56	0.22	1.14	2.6	5	-0.9625	34.395	2.565	15.071	17.969	0.001	1105611	1853011
Isa_130502	02-May-13	2013	3	summer	5	2	122	853	1	25	15.59	24	4.91	0.38	2.35	12.9	5	-0.277857143	34.58285714	0.461428571	3.448	3.445	0.003	2032108.5	2564886.5
Isa_130510	10-May-13	2013	3	summer	5	10	130	861	1	25	17.77	24	0.6	0.1	1.03	6	5	-0.658	34.38	1.336666667	3.885	3.953	0.001	2958606	3276762
Isa_130515	15-May-13	2013	3	summer	5	15	135	866	1	25	18.98	24	0	0.08	1.21	0	5	-0.221333333	34.39	0.636666667	1.66	1.118	0.542	4116701	4364760
Isa_130524	24-May-13	2013	3	summer	5	24	144	875	1	25	20.79	24	1.6	0.19	0.61	8.2	5	-0.285894737	34.48842105	0.472631579	0.84	0.099	0.741	2173340	2203984
Isa_130530	30-May-13	2013	3	summer	5	30	150	881	1	25	21.74	24	0.43	0.05	1.19	8.6	5	0.3664	34.404	0.142	1.165	0.636	0.529	1036878	1216279
Isa_130605	05-Jun-13	2013	4	autumn	6	5	156	887	1	25	22.46	24	0.17	0.08	0.11	2	5	0.7765	34.31	0.1325	0.274	0.037	0.237	3399166	41430388
Isa_130612	12-Jun-13	2013	4	autumn	6	12	163	894	1	25	23.02	24	0.25	0.07	0.31	3.8	3	2.028545455	34.10909091	0.182727273	0.63325	0.09605	0.537	1456452	17437601
Isa_130619	19-Jun-13	2013	4	autumn	6	19	170	901	1	25	23.27	24	0.12	0.04	0	3.4	3	2.1344	34.11	0.082	0.544	0.044766667	0.499	2232179	68419310
Isa_130710	10-Jul-13	2013	4	autumn	7	10	191	922	1	25	22.12	24	0.07	0.08	1.52	0.9	4	3.74875	33.825	0.0675	0.328241667	0.091516667	0.237	1497245	13527308
Isa_130724	24-Jul-13	2013	4	autumn	7	24	205	936	1	25	19.85	24	0.14	0.04	0.45	3.6	4	3.56775	33.87	0.06	0.85	0.0363375	0.814	1579333	17484763
Isa_130807	07-Aug-13	2013	4	autumn	8	7	219	950	1	25	16.5	24	0.04	0.03	0.43	1.2	4	4.1028	33.718	0.534	1.275	0.071966667	1.203	1536982	35484945
Isa_130823	23-Aug-13	2013	4	autumn	8	22	234	965	1	25	11.89	23	0.18	0.06	0	3.1	4	5.704875	33.4725	0.17	0.544	0.2346	0.309	2717585	228735039
Isa_130908	08-Sep-13	2013	4	autumn	9	8	251	982	1	25	5.73	16	1.02	0.1	0.58	10.2	4	6.1773	33.3475	0.682	0.436333333	0.084575	0.352	902914	12565900
Isa_131009	09-Oct-13	2013	4	autumn	10	9	282	1013	1	25	-6.47	8	1.62	0.22	0.28	7.5	3	5.1956	34.372	0.064	0.223408333	0.060491667	0.163	574369	6691899
Isa_140121	21-Jan-14	2014	1	winter	1	21	21	1117	1	25	-19.87	0	5.71	0.54	3.23	10.6	5	0.8376	34.7799	0.03663	0.063051111	0.0304725	0.033	292078	7739504
Isa_140221	21-Feb-14	2014	1	winter	2	21	52	1148	1	25	-10.66	4	4.47	0.55	2.36	8.1	2	2.00175	34.98	0	0.063051111	0.0304725	0.033	99429	5640075
Isa_140226	26-Feb-14	2014	1	winter	2	26	57	1153	1	25	-8.8	6	5.3	0.54	2.94	8.8	2	1.514285714	34.93428571	0	0.023658333	0.036096667	0.001	436407	13107134
Isa_140401	01-Apr-14	2014	2	spring	4	1	91	1187	1	25	4.71	15	NA	NA	NA	NA	2	1.836333333	35.02333333	0	0.055108333	0.031209167	0.024	NA	NA
Isa_140410	10-Apr-14	2014	2	spring	4	10	100	1196	1	25	8.17	18	NA	NA	NA	NA	5	0.6695	34.94	0.01	0.064175	0.0316625	0.033	368723	5484464
Isa_140423	23-Apr-14	2014	3	summer	4	23	113	1209	1	25	12.77	24	8.301	0.517	2.701	16.1	2	1.793666667	35.07333333	0.103333333	0.285033333	0.051283333	0.234	278000	3421296
Isa_140429	29-Apr-14	2014	3	summer	4	29	113	1209	1	25	12.77	24	8.974	0.581	3.119	15.4	2	1.990888889	35.11222222	0.194444444	0.553916667	0.085425	0.468	365607	4118412
Isa_140502	02-May-14	2014	3	summer	5	2	122	1218	1	25	15.59	24	7.981	0.513	2.698	15.6	2	1.979	35.12	0.214	0.5695	0.037754167	0.532	NA	NA
Isa_140507	07-May-14	2014	3	summer	5	7	127	1223	1	25	16.99	24	NA	NA	NA	NA	2	2.454	35.12333333	0.243333333	0.160366667	0.1003	0.06	NA	NA
Isa_140514	14-May-14	2014	3	summer	5	14	134	1230	1	25	18.75	24	9.22	0.591	3.268	15.6	2	2.504666667	35.13666667	0.193333333	0.674333333	0.103133333	0.571	864813	7586065
Isa_140522	22-May-14	2014	3	summer	5	22	142	1238	1	25	20.43	24	NA	NA	NA	NA	1	3.043	35.14428571	0.184285714	0.891083333	0.0884	0.803	839980	14613292
Isa_140528	28-May-14	2014	3	summer	5	28	148	1244	1	25	21.45	24	6.412	0.428	1.841	15	1	NA	NA	NA	0.536916667	0.179775	0.357	743813	5490559
Isa_140604	04-Jun-14	2014	4	autumn	6	4	155	1251	1	25	22.36	24	9.738	0.623	3.605	15.6	1	3.771666667	35.23	0.823333333	2.287916667	0.92225	1.366	551533	4396041
Isa_140611	11-Jun-14	2014	4	autumn	6	11	162	1258	1	25	22.96	24	3.985	0.365	1.069	10.9	1	4.9525	35.08	2.595	7.146	7.123	0.023	2789354	7244178
Isa_140618	18-Jun-14	2014	4	autumn	6	18	169	1265	1	25	23.25	24	4.091	0.382	0.818	10.7	1	4.2905	35.205	2.42	3.666333333	3.904333333	0.001	2320554	4994941
Isa_140904	04-Sep-14	2014	4	autumn	9	4	247	1343	1	25	7.25	17	1.476	0.212	0.855	7	3	6.059	34.396	0.252	NA	NA	NA	938066	15820129
Isa_141009	09-Oct-14	2014	4	autumn	10	9	282	1378	1	25	-6.47	8	2.33	0.181	0.718	12.9	3	3.980666667	34.38666667	0.15	NA	NA	NA	725338	11656072
Isa_141024	24-Oct-14	2014	4	autumn	10	24	297	1393	1	25	-12.01	0	6.367	0.424	2.399	15	3	3.404	34.57	0.036666667	0.1044	0.0135	0.091	NA	NA
